  4.9772393e+002  4.5278277e+002
  4.5580312e+002  4.3714723e+002
  4.2168256e+002  4.1283257e+002
  3.9723385e+002  3.6616937e+002
  3.9549359e+002  2.7594880e+002
  4.0541750e+002  2.1925034e+002
  4.4283740e+002  1.7610484e+002
  5.2278993e+002  1.7208845e+002
  5.8913703e+002  2.0477233e+002
  6.0374280e+002  2.7704267e+002
  6.0711407e+002  3.5852784e+002
  5.9147930e+002  4.0325630e+002
  5.5921223e+002  4.3486936e+002
  3.8174154e+002  3.5772218e+002
  3.7426889e+002  3.2762031e+002
  3.7286354e+002  2.9232573e+002
  3.6392312e+002  2.2132170e+002
  3.9482048e+002  1.6592893e+002
  4.5315820e+002  1.2538660e+002
  5.3625485e+002  1.1615949e+002
  6.0151331e+002  1.5747769e+002
  6.3241246e+002  2.1351155e+002
  6.3227187e+002  2.8286167e+002
  6.3002758e+002  3.2400046e+002
  6.2002649e+002  3.5745528e+002
  4.5159661e+002  2.8815281e+002
  5.4962669e+002  2.8854924e+002
  4.2331549e+002  2.7698173e+002
  4.5116914e+002  2.6083923e+002
  4.8449186e+002  2.7174762e+002
  5.2187916e+002  2.7097774e+002
  5.5224544e+002  2.6196972e+002
  5.8960274e+002  2.7715133e+002
  4.9967987e+002  2.8992104e+002
  4.7480355e+002  3.4286081e+002
  5.0452698e+002  3.4333095e+002
  5.3223253e+002  3.4068476e+002
  4.5599668e+002  3.7866872e+002
  5.0173761e+002  3.7590904e+002
  5.4033917e+002  3.7815711e+002
  4.8116712e+002  3.9350741e+002
  5.0574915e+002  3.9719991e+002
  5.3195140e+002  3.9493861e+002
