  1.9719208e+002  1.2690850e+003
  8.6083578e+001  1.0258475e+003
  8.3080645e+001  7.8861584e+002
  1.1010704e+002  5.7240469e+002
  1.8818328e+002  3.5018768e+002
  3.1730938e+002  1.9103226e+002
  5.9958504e+002  1.6100293e+002
  8.1879912e+002  2.5709677e+002
  8.8786657e+002  4.5829326e+002
  8.7585484e+002  6.3246334e+002
  7.1669941e+002  8.9371848e+002
  6.2661144e+002  1.0678886e+003
  4.4343255e+002  1.2090264e+003
  1.0710411e+002  5.7240469e+002
  1.0710411e+002  4.5529032e+002
  1.8818328e+002  3.1415249e+002
  2.8728006e+002  1.6700880e+002
  4.3442375e+002  7.9923754e+001
  5.7556158e+002  4.9894428e+001
  8.7285191e+002  1.5499707e+002
  9.2990762e+002  3.4117889e+002
  9.2990762e+002  4.4628152e+002
  8.8486364e+002  6.5948974e+002
  8.3381378e+002  7.3756598e+002
  7.8876979e+002  7.8861584e+002
  3.6235337e+002  4.1925513e+002
  6.8967302e+002  5.5739003e+002
  2.8427713e+002  3.2015836e+002
  3.8337390e+002  3.0514370e+002
  4.9147947e+002  3.9823460e+002
  6.6564956e+002  4.3426979e+002
  7.8876979e+002  4.4928446e+002
  8.4282258e+002  5.3336657e+002
  5.3952639e+002  4.7931378e+002
  3.6235337e+002  6.3546628e+002
  4.4042962e+002  7.0153079e+002
  5.3051760e+002  7.2555425e+002
  2.3322727e+002  7.0753666e+002
  4.0439443e+002  7.5558358e+002
  5.3352053e+002  8.9672141e+002
  1.5815396e+002  9.5978299e+002
  2.3022434e+002  1.1189384e+003
  4.2841789e+002  1.1249443e+003
