  5.7556158e+002  1.1910088e+003
  3.9538563e+002  1.0889091e+003
  2.7226540e+002  8.8470968e+002
  2.4523900e+002  7.4657478e+002
  2.6025367e+002  5.6339589e+002
  3.2631818e+002  3.5319062e+002
  5.5153812e+002  1.8802933e+002
  8.4582551e+002  2.1205279e+002
  9.1189003e+002  3.8622287e+002
  9.2690469e+002  6.0843988e+002
  9.0888710e+002  7.7360117e+002
  8.5483431e+002  9.5377713e+002
  7.6174340e+002  1.0768974e+003
  2.0319795e+002  7.6459238e+002
  1.5214809e+002  6.6549560e+002
  1.3112757e+002  5.1835191e+002
  1.7016569e+002  2.9012903e+002
  3.1130352e+002  1.4899120e+002
  5.6655279e+002  3.4879765e+001
  9.3891642e+002  1.2797067e+002
  9.6293988e+002  3.0214076e+002
  1.0019780e+003  5.4838123e+002
  9.3891642e+002  6.5648680e+002
  9.1789589e+002  7.5858651e+002
  8.9987830e+002  8.1864516e+002
  5.2451173e+002  6.5048094e+002
  8.1579619e+002  6.8951906e+002
  4.4643548e+002  5.9342522e+002
  5.8457038e+002  5.8441642e+002
  6.6865249e+002  6.2345455e+002
  7.9477566e+002  6.4747801e+002
  8.6684604e+002  6.2045161e+002
  9.1789589e+002  6.4747801e+002
  7.1669941e+002  7.0153079e+002
  5.6655279e+002  8.5768328e+002
  6.9267595e+002  9.3275660e+002
  7.7375513e+002  8.8771261e+002
  4.9147947e+002  9.1473900e+002
  6.5664076e+002  9.7179472e+002
  7.7976100e+002  9.5077419e+002
  5.5153812e+002  9.8680938e+002
  6.2961437e+002  1.0408622e+003
  7.0769062e+002  1.0168387e+003
