  4.7000000e+002  4.5100000e+002
  4.2800000e+002  4.3000000e+002
  4.0100000e+002  4.0200000e+002
  3.7600000e+002  3.4300000e+002
  3.7700000e+002  2.7400000e+002
  4.0000000e+002  2.2200000e+002
  4.4800000e+002  1.9400000e+002
  5.1000000e+002  1.9300000e+002
  5.6200000e+002  2.4600000e+002
  5.7900000e+002  2.9400000e+002
  5.7600000e+002  3.5400000e+002
  5.5500000e+002  4.0000000e+002
  5.2100000e+002  4.3000000e+002
  3.6300000e+002  3.4300000e+002
  3.5200000e+002  3.1400000e+002
  3.4800000e+002  2.7500000e+002
  3.4900000e+002  2.0600000e+002
  3.9100000e+002  1.4200000e+002
  4.4700000e+002  1.1100000e+002
  5.4700000e+002  1.2600000e+002
  5.9700000e+002  1.7800000e+002
  6.0500000e+002  2.4600000e+002
  5.9900000e+002  2.8300000e+002
  5.9300000e+002  3.2600000e+002
  5.8700000e+002  3.5200000e+002
  4.3300000e+002  3.0100000e+002
  5.2400000e+002  3.0600000e+002
  3.9700000e+002  2.8100000e+002
  4.2800000e+002  2.7700000e+002
  4.6100000e+002  2.8800000e+002
  4.9600000e+002  2.9000000e+002
  5.2800000e+002  2.8100000e+002
  5.6100000e+002  2.8800000e+002
  4.7900000e+002  3.0900000e+002
  4.4900000e+002  3.5500000e+002
  4.7700000e+002  3.7000000e+002
  5.0400000e+002  3.6000000e+002
  4.2900000e+002  3.8200000e+002
  4.7400000e+002  3.9100000e+002
  5.1700000e+002  3.8800000e+002
  4.4700000e+002  4.0600000e+002
  4.7600000e+002  4.2000000e+002
  5.0100000e+002  4.0900000e+002
