   5.0200000e+02   4.1500000e+02
   4.5700000e+02   3.8900000e+02
   4.2500000e+02   3.5800000e+02
   4.1700000e+02   3.2400000e+02
   4.1400000e+02   2.4100000e+02
   4.2200000e+02   2.1300000e+02
   4.7000000e+02   1.7900000e+02
   5.3800000e+02   1.8100000e+02
   5.7500000e+02   2.0700000e+02
   6.0100000e+02   2.4500000e+02
   5.9700000e+02   3.2900000e+02
   5.8200000e+02   3.6700000e+02
   5.4500000e+02   3.9700000e+02
   4.0300000e+02   3.2300000e+02
   3.9500000e+02   2.9200000e+02
   3.9700000e+02   2.5100000e+02
   3.7600000e+02   2.0200000e+02
   4.1800000e+02   1.4300000e+02
   4.5900000e+02   1.0400000e+02
   5.4900000e+02   1.0300000e+02
   6.0900000e+02   1.4500000e+02
   6.4400000e+02   1.9600000e+02
   6.3200000e+02   2.4100000e+02
   6.2900000e+02   3.0700000e+02
   6.2000000e+02   3.2900000e+02
   4.6300000e+02   2.7000000e+02
   5.5400000e+02   2.7200000e+02
   4.3200000e+02   2.4800000e+02
   4.4900000e+02   2.4200000e+02
   4.7800000e+02   2.4200000e+02
   5.3400000e+02   2.4500000e+02
   5.6300000e+02   2.4200000e+02
   5.8900000e+02   2.5100000e+02
   5.0800000e+02   2.7100000e+02
   4.7900000e+02   3.2100000e+02
   5.0400000e+02   3.3400000e+02
   5.2900000e+02   3.2700000e+02
   4.6300000e+02   3.4800000e+02
   5.0300000e+02   3.5200000e+02
   5.4900000e+02   3.4900000e+02
   4.8200000e+02   3.7300000e+02
   5.0400000e+02   3.7800000e+02
   5.3000000e+02   3.7400000e+02
