   5.1700000e+02   5.0300000e+02
   4.5600000e+02   4.7900000e+02
   4.3000000e+02   4.4700000e+02
   4.1500000e+02   4.1500000e+02
   3.9900000e+02   3.2900000e+02
   4.0800000e+02   2.5800000e+02
   4.5600000e+02   2.2000000e+02
   5.3900000e+02   2.1800000e+02
   5.9200000e+02   2.5700000e+02
   6.0200000e+02   3.1500000e+02
   6.0300000e+02   3.9900000e+02
   5.9800000e+02   4.3700000e+02
   5.7500000e+02   4.8100000e+02
   3.9200000e+02   4.2300000e+02
   3.7700000e+02   3.8700000e+02
   3.8300000e+02   3.5600000e+02
   3.7900000e+02   2.9900000e+02
   3.8900000e+02   2.2100000e+02
   4.4600000e+02   1.6600000e+02
   5.4900000e+02   1.6700000e+02
   6.0500000e+02   2.1900000e+02
   6.2200000e+02   2.6900000e+02
   6.3200000e+02   3.4200000e+02
   6.3900000e+02   3.8400000e+02
   6.2800000e+02   4.1600000e+02
   4.6200000e+02   3.1800000e+02
   5.5300000e+02   3.1500000e+02
   4.2900000e+02   3.1000000e+02
   4.5600000e+02   2.8800000e+02
   4.9000000e+02   2.9800000e+02
   5.2700000e+02   2.9400000e+02
   5.6500000e+02   2.8800000e+02
   5.9100000e+02   3.0900000e+02
   5.0800000e+02   3.1900000e+02
   4.7600000e+02   3.7700000e+02
   5.0800000e+02   3.7200000e+02
   5.3700000e+02   3.7000000e+02
   4.7600000e+02   4.2400000e+02
   5.1000000e+02   4.0800000e+02
   5.5300000e+02   4.1400000e+02
   4.9175000e+02   4.3525000e+02
   5.1525000e+02   4.4075000e+02
   5.3975000e+02   4.3375000e+02
