   4.9800000e+02   4.7800000e+02
   4.4600000e+02   4.5900000e+02
   4.1400000e+02   4.2900000e+02
   4.0000000e+02   3.8400000e+02
   4.0300000e+02   3.0500000e+02
   4.0300000e+02   2.6000000e+02
   4.4500000e+02   2.1300000e+02
   5.3600000e+02   2.1800000e+02
   5.8000000e+02   2.5400000e+02
   5.9500000e+02   3.0400000e+02
   5.9500000e+02   3.8200000e+02
   5.7800000e+02   4.3400000e+02
   5.4500000e+02   4.6700000e+02
   3.7600000e+02   3.7900000e+02
   3.6200000e+02   3.4900000e+02
   3.6700000e+02   3.1600000e+02
   3.6100000e+02   2.4300000e+02
   3.9300000e+02   1.8800000e+02
   4.4800000e+02   1.4300000e+02
   5.4300000e+02   1.3600000e+02
   5.8900000e+02   1.6800000e+02
   6.2500000e+02   2.3400000e+02
   6.1700000e+02   3.2600000e+02
   6.1800000e+02   3.5700000e+02
   6.1100000e+02   3.8000000e+02
   4.5100000e+02   3.1600000e+02
   5.4600000e+02   3.1400000e+02
   4.2700000e+02   3.0200000e+02
   4.5500000e+02   2.9000000e+02
   4.8100000e+02   2.9600000e+02
   5.1700000e+02   2.9500000e+02
   5.4900000e+02   2.8900000e+02
   5.7600000e+02   3.0900000e+02
   4.9900000e+02   3.1400000e+02
   4.7500000e+02   3.6400000e+02
   5.0000000e+02   3.5900000e+02
   5.2300000e+02   3.6100000e+02
   4.5100000e+02   3.9800000e+02
   4.9600000e+02   3.9100000e+02
   5.3600000e+02   3.9900000e+02
   5.2400000e+02   4.1300000e+02
   5.0000000e+02   4.2000000e+02
   4.8200000e+02   4.1700000e+02
