   4.8800000e+02   4.8300000e+02
   4.4188889e+02   4.6733333e+02
   4.0400000e+02   4.1700000e+02
   3.9466667e+02   3.8066667e+02
   3.9355556e+02   2.7844444e+02
   3.9688889e+02   2.1622222e+02
   4.4688889e+02   1.8011111e+02
   5.3188889e+02   1.8122222e+02
   5.8355556e+02   2.1622222e+02
   5.9244444e+02   2.8788889e+02
   5.8744444e+02   3.8400000e+02
   5.7800000e+02   4.1900000e+02
   5.4022222e+02   4.6288889e+02
   3.8466667e+02   3.8122222e+02
   3.7244444e+02   3.3955556e+02
   3.7688889e+02   3.0344444e+02
   3.7633333e+02   2.1900000e+02
   3.9355556e+02   1.6344444e+02
   4.6244444e+02   1.1844444e+02
   5.4911111e+02   1.2900000e+02
   5.9300000e+02   1.7400000e+02
   6.1577778e+02   2.2288889e+02
   6.1188889e+02   3.0733333e+02
   6.1522222e+02   3.5122222e+02
   6.0188889e+02   3.8900000e+02
   4.4355556e+02   2.9455556e+02
   5.3522222e+02   3.0066667e+02
   4.0855556e+02   2.8066667e+02
   4.3911111e+02   2.6566667e+02
   4.6744444e+02   2.7455556e+02
   5.0800000e+02   2.7455556e+02
   5.4577778e+02   2.7011111e+02
   5.7244444e+02   2.8788889e+02
   4.8966667e+02   2.8900000e+02
   4.6077778e+02   3.5233333e+02
   4.8855556e+02   3.6122222e+02
   5.1688889e+02   3.5566667e+02
   4.5411111e+02   3.9511111e+02
   4.8966667e+02   3.8511111e+02
   5.2577778e+02   3.9511111e+02
   4.6855556e+02   4.0733333e+02
   4.8744444e+02   4.1066667e+02
   5.0911111e+02   4.1011111e+02
