  4.7500000e+002  4.4900000e+002
  4.4300000e+002  4.3800000e+002
  4.1900000e+002  4.1800000e+002
  3.9500000e+002  3.7300000e+002
  4.0200000e+002  2.8800000e+002
  4.3600000e+002  2.5100000e+002
  4.5500000e+002  2.2800000e+002
  4.9900000e+002  2.0700000e+002
  5.5000000e+002  2.5600000e+002
  5.7100000e+002  3.0100000e+002
  5.6600000e+002  3.5400000e+002
  5.5500000e+002  4.0200000e+002
  5.2400000e+002  4.3000000e+002
  3.2500000e+002  3.7800000e+002
  3.4000000e+002  3.1700000e+002
  3.5400000e+002  2.8000000e+002
  3.6800000e+002  2.3800000e+002
  3.9100000e+002  1.9000000e+002
  4.5000000e+002  1.5600000e+002
  5.2000000e+002  1.5200000e+002
  5.8200000e+002  1.9700000e+002
  6.0600000e+002  2.5900000e+002
  6.2700000e+002  3.1500000e+002
  6.2400000e+002  3.5100000e+002
  6.2700000e+002  3.9600000e+002
  4.3200000e+002  3.0500000e+002
  5.2500000e+002  3.0900000e+002
  4.1800000e+002  2.8200000e+002
  4.4100000e+002  2.8100000e+002
  4.6800000e+002  2.9100000e+002
  5.0000000e+002  2.8700000e+002
  5.2500000e+002  2.8100000e+002
  5.5300000e+002  2.9000000e+002
  4.7900000e+002  3.0900000e+002
  4.5400000e+002  3.5900000e+002
  4.8000000e+002  3.6400000e+002
  5.0000000e+002  3.5600000e+002
  4.4800000e+002  3.8800000e+002
  4.7700000e+002  3.8800000e+002
  5.1400000e+002  3.8500000e+002
  4.5500000e+002  4.1000000e+002
  4.8400000e+002  4.1500000e+002
  5.0500000e+002  4.0700000e+002
