   5.1086866e+02   4.8031336e+02
   4.6017742e+02   4.6879263e+02
   4.1409447e+02   4.2731797e+02
   4.0026959e+02   3.8584332e+02
   4.0026959e+02   3.0058986e+02
   4.0718203e+02   2.4989862e+02
   4.5556912e+02   2.2224885e+02
   5.4543088e+02   2.1994470e+02
   5.8460138e+02   2.4989862e+02
   6.0073041e+02   3.0058986e+02
   6.0303456e+02   3.8814747e+02
   5.9151382e+02   4.2962212e+02
   5.6155991e+02   4.6418433e+02
   3.8183641e+02   3.8584332e+02
   3.7722811e+02   3.6280184e+02
   3.7953226e+02   3.3745622e+02
   3.7261982e+02   2.7754839e+02
   3.8874885e+02   1.8538249e+02
   4.6017742e+02   1.4621198e+02
   5.5695161e+02   1.5312442e+02
   6.1225115e+02   2.0381567e+02
   6.3298848e+02   2.7754839e+02
   6.3068433e+02   3.2363134e+02
   6.2607604e+02   3.5358525e+02
   6.1916359e+02   3.8123502e+02
   4.5326498e+02   3.1671889e+02
   5.5234332e+02   3.1902304e+02
   4.2331106e+02   3.0058986e+02
   4.5096083e+02   2.9367742e+02
   4.7169816e+02   2.9828571e+02
   5.3160599e+02   3.0289401e+02
   5.5925576e+02   2.9367742e+02
   5.8460138e+02   3.0289401e+02
   5.0856452e+02   3.2132719e+02
   4.7861060e+02   3.6971429e+02
   5.0856452e+02   3.8123502e+02
   5.3160599e+02   3.6971429e+02
   4.6248157e+02   3.9966820e+02
   5.0856452e+02   4.0197235e+02
   5.5003917e+02   4.0197235e+02
   4.8091475e+02   4.2040553e+02
   5.0856452e+02   4.3192627e+02
   5.3160599e+02   4.2040553e+02
