  4.8624466e+002  4.8330596e+002
  4.3522553e+002  4.6604949e+002
  3.9771147e+002  4.3378740e+002
  3.7970472e+002  3.7976715e+002
  3.7370247e+002  3.2799775e+002
  3.8645726e+002  2.6797525e+002
  4.1796907e+002  2.1845669e+002
  5.2000731e+002  2.0270079e+002
  5.7027615e+002  2.5221935e+002
  5.8678234e+002  3.0999100e+002
  5.8378121e+002  3.6926322e+002
  5.7702868e+002  4.2853543e+002
  5.4551687e+002  4.6304837e+002
  3.6019741e+002  3.8276828e+002
  3.5944713e+002  3.5125647e+002
  3.5269460e+002  3.1224184e+002
  3.4894319e+002  2.6497413e+002
  3.6244826e+002  1.9444769e+002
  4.0371372e+002  1.4342857e+002
  4.9224691e+002  1.3217435e+002
  5.4926828e+002  1.5318223e+002
  5.9803656e+002  2.2670979e+002
  6.0178796e+002  2.9798650e+002
  6.0178796e+002  3.3850169e+002
  6.0328853e+002  3.7226434e+002
  4.3372497e+002  2.9798650e+002
  5.3051125e+002  2.9498538e+002
  4.0221316e+002  2.7472778e+002
  4.2172047e+002  2.6947582e+002
  4.5623341e+002  2.7922947e+002
  5.0500169e+002  2.7547807e+002
  5.3276209e+002  2.6122272e+002
  5.6427390e+002  2.7172666e+002
  4.8324353e+002  2.8448144e+002
  4.5698369e+002  3.5425759e+002
  4.8774522e+002  3.4900562e+002
  5.1850675e+002  3.5725872e+002
  4.4497919e+002  4.0227559e+002
  4.8924578e+002  3.8802025e+002
  5.3576322e+002  3.9777390e+002
  4.7048875e+002  4.2028234e+002
  4.9224691e+002  4.2778515e+002
  5.1625591e+002  4.1728121e+002
