  4.8999606e+002  4.5929696e+002
  4.4798031e+002  4.4804274e+002
  4.1346738e+002  4.2328346e+002
  3.9320979e+002  3.7976715e+002
  3.9170922e+002  3.1149156e+002
  4.0446400e+002  2.7397750e+002
  4.5698369e+002  2.3046119e+002
  5.2675984e+002  2.2220810e+002
  5.6877559e+002  2.4771766e+002
  5.9578571e+002  3.0398875e+002
  5.8753262e+002  3.7526547e+002
  5.6952587e+002  4.2628459e+002
  5.4251575e+002  4.5104387e+002
  3.8270585e+002  3.7076378e+002
  3.6694994e+002  3.3850169e+002
  3.6995107e+002  2.9873678e+002
  3.5569573e+002  2.4846794e+002
  3.8945838e+002  1.7644094e+002
  4.4422891e+002  1.3892688e+002
  5.3726378e+002  1.3517548e+002
  5.7627840e+002  1.6368616e+002
  6.2129528e+002  2.3196175e+002
  6.2204556e+002  3.0473903e+002
  6.2429640e+002  3.3700112e+002
  6.1079134e+002  3.7226434e+002
  4.4572947e+002  3.1299213e+002
  5.4626715e+002  3.1899438e+002
  4.2472160e+002  2.8748256e+002
  4.5173172e+002  2.8748256e+002
  4.7949213e+002  2.9573566e+002
  5.2375872e+002  2.9423510e+002
  5.5376997e+002  2.8598200e+002
  5.8002981e+002  2.9648594e+002
  5.0275084e+002  3.1524297e+002
  4.7198931e+002  3.6326097e+002
  5.0050000e+002  3.7601575e+002
  5.2225816e+002  3.6626209e+002
  4.5023116e+002  3.9702362e+002
  4.9599831e+002  3.9702362e+002
  5.4101519e+002  4.0152531e+002
  4.7799156e+002  4.1728121e+002
  4.9974972e+002  4.2253318e+002
  5.2751012e+002  4.1578065e+002
