5.042514060742407e+02 4.818053993250844e+02
4.457294713160855e+02 4.577964004499438e+02
3.984617547806524e+02 4.165309336332958e+02
3.902086614173229e+02 3.685129358830146e+02
3.932097862767154e+02 2.567210348706412e+02
4.029634420697413e+02 1.974488188976379e+02
4.524820022497188e+02 1.621856017997751e+02
5.642739032620923e+02 1.636861642294714e+02
6.107913385826772e+02 1.944476940382453e+02
6.310489313835772e+02 2.717266591676041e+02
6.280478065241846e+02 3.610101237345331e+02
6.182941507311587e+02 4.112789651293588e+02
5.860320584926884e+02 4.547952755905511e+02
3.744527559055118e+02 3.610101237345331e+02
3.631985376827897e+02 3.332497187851518e+02
3.646991001124860e+02 2.882328458942632e+02
3.594471316085489e+02 2.079527559055118e+02
4.134673790776153e+02 1.366760404949380e+02
4.719893138357705e+02 1.096659167604048e+02
5.620230596175478e+02 1.156681664791900e+02
6.085404949381327e+02 1.449291338582676e+02
6.498059617547807e+02 1.906962879640044e+02
6.625607424071991e+02 2.889831271091113e+02
6.580590551181102e+02 3.452542182227222e+02
6.498059617547807e+02 3.715140607424072e+02
4.577339707536557e+02 2.867322834645669e+02
5.635236220472441e+02 2.889831271091114e+02
4.164685039370079e+02 2.882328458942633e+02
4.562334083239595e+02 2.702260967379078e+02
4.862446569178853e+02 2.852317210348707e+02
5.350129358830146e+02 2.904836895388077e+02
5.687755905511810e+02 2.739775028121485e+02
6.100410573678291e+02 2.927345331833521e+02
5.087530933633296e+02 2.724769403824523e+02
4.727395950506187e+02 3.497559055118111e+02
5.095033745781777e+02 3.385016872890889e+02
5.447665916760404e+02 3.542575928008999e+02
4.592345331833521e+02 3.992744656917886e+02
5.072525309336333e+02 3.910213723284590e+02
5.500185601799775e+02 4.000247469066367e+02
4.817429696287964e+02 4.105286839145107e+02
5.057519685039370e+02 4.150303712035996e+02
5.275101237345332e+02 4.150303712035996e+02