5.0124627e+02   4.3997015e+02
4.6542537e+02   4.2205970e+02
4.3258955e+02   3.9817910e+02
4.1020149e+02   3.5638806e+02
4.0870896e+02   2.7579104e+02
4.3109701e+02   2.1758209e+02
4.8184328e+02   1.7131343e+02
5.6393284e+02   1.7728358e+02
6.0572388e+02   2.2355224e+02
6.1915672e+02   2.9220896e+02
6.1467910e+02   3.5041791e+02
5.9378358e+02   4.0265672e+02
5.5945522e+02   4.2056716e+02
4.0300000e+02   3.3800000e+02
3.9700000e+02   3.1400000e+02
3.9400000e+02   2.8200000e+02
3.8900000e+02   2.2200000e+02
4.1500000e+02   1.7600000e+02
4.9600000e+02   1.2000000e+02
5.7000000e+02   1.2400000e+02
6.3200000e+02   1.7500000e+02
6.5475000e+02   2.3175000e+02
6.4075000e+02   2.9575000e+02
6.3775000e+02   3.3275000e+02
6.1775000e+02   3.7225000e+02
4.6600000e+02   2.8100000e+02
5.6200000e+02   2.8600000e+02
4.4200000e+02   2.7700000e+02
4.6700000e+02   2.4700000e+02
4.9500000e+02   2.6100000e+02
5.4500000e+02   2.5400000e+02
5.7100000e+02   2.5300000e+02
6.0200000e+02   2.6500000e+02
5.1200000e+02   2.8800000e+02
4.8700000e+02   3.4200000e+02
5.0900000e+02   3.3800000e+02
5.3600000e+02   3.4000000e+02
4.6900000e+02   3.7400000e+02
5.0600000e+02   3.7500000e+02
5.4900000e+02   3.7900000e+02
4.9600000e+02   3.8600000e+02
5.0525000e+02   3.8525000e+02
5.2475000e+02   3.8625000e+02

