   4.6973847e+02   5.0731496e+02
   4.0671485e+02   4.8330596e+02
   3.6995107e+02   4.4804274e+02
   3.5419516e+02   3.8877053e+02
   3.6469910e+02   3.0173791e+02
   3.9396007e+02   2.4846794e+02
   4.5698369e+02   2.1545557e+02
   5.3051125e+02   2.2896063e+02
   5.7177672e+02   2.8523172e+02
   5.8228065e+02   3.3099888e+02
   5.7777897e+02   4.1428009e+02
   5.6502418e+02   4.5329471e+02
   5.3426265e+02   4.8330596e+02
   3.4219066e+02   4.0602700e+02
   3.2643476e+02   3.6776265e+02
   3.2343363e+02   3.1449269e+02
   3.1968223e+02   2.6122272e+02
   3.4744263e+02   1.8169291e+02
   4.3522553e+02   1.1041620e+02
   5.5376997e+02   1.2167042e+02
   6.0178796e+02   1.7794151e+02
   6.1229190e+02   2.4846794e+02
   6.0328853e+02   3.2799775e+02
   6.0929078e+02   3.6626209e+02
   5.8678234e+02   4.0902812e+02
   4.2097019e+02   3.2199550e+02
   5.2826040e+02   3.2649719e+02
   3.8420641e+02   3.0849044e+02
   4.1646850e+02   2.9498538e+02
   4.5998481e+02   3.0098763e+02
   4.9824916e+02   3.0473903e+02
   5.3576322e+02   2.9798650e+02
   5.6652475e+02   3.1674353e+02
   4.7949213e+02   3.1299213e+02
   4.4422891e+02   3.8126772e+02
   4.7649100e+02   3.9552306e+02
   5.1475534e+02   3.8426884e+02
   4.1796907e+02   4.2703487e+02
   4.7574072e+02   4.1277953e+02
   5.2901069e+02   4.2628459e+02
   4.4948088e+02   4.3978965e+02
   4.7874184e+02   4.4354106e+02
   5.0725253e+02   4.3978965e+02
