  4.9600000e+002  4.4800000e+002
  4.5600000e+002  4.3500000e+002
  4.2500000e+002  4.1600000e+002
  3.9400000e+002  3.6700000e+002
  3.9100000e+002  2.7200000e+002
  3.9400000e+002  2.1400000e+002
  4.2000000e+002  1.7000000e+002
  4.9100000e+002  1.6100000e+002
  5.8000000e+002  1.8700000e+002
  5.9200000e+002  2.6400000e+002
  6.0300000e+002  3.5800000e+002
  5.8800000e+002  3.9600000e+002
  5.5600000e+002  4.3200000e+002
  3.7500000e+002  3.6200000e+002
  3.6800000e+002  3.2900000e+002
  3.6600000e+002  2.9500000e+002
  3.5400000e+002  2.1600000e+002
  3.8300000e+002  1.6400000e+002
  4.3100000e+002  1.2800000e+002
  5.1500000e+002  1.0700000e+002
  5.9100000e+002  1.4900000e+002
  6.2100000e+002  2.0400000e+002
  6.2400000e+002  2.6900000e+002
  6.2200000e+002  3.1000000e+002
  6.1600000e+002  3.4200000e+002
  4.4500000e+002  2.8700000e+002
  5.4200000e+002  2.8400000e+002
  4.1700000e+002  2.7200000e+002
  4.4400000e+002  2.6000000e+002
  4.8200000e+002  2.6900000e+002
  5.0800000e+002  2.7000000e+002
  5.4000000e+002  2.5900000e+002
  5.8200000e+002  2.7600000e+002
  4.9200000e+002  2.9100000e+002
  4.7100000e+002  3.3700000e+002
  5.0300000e+002  3.4100000e+002
  5.3000000e+002  3.3200000e+002
  4.5000000e+002  3.7100000e+002
  5.0000000e+002  3.6800000e+002
  5.3400000e+002  3.6700000e+002
  4.7500000e+002  3.8700000e+002
  5.0800000e+002  3.9200000e+002
  5.3900000e+002  3.8900000e+002
