  4.8000000e+002  4.5000000e+002
  4.3100000e+002  4.2700000e+002
  3.9600000e+002  3.9300000e+002
  3.8600000e+002  3.4800000e+002
  3.8600000e+002  2.4200000e+002
  3.9900000e+002  1.9200000e+002
  4.4700000e+002  1.6000000e+002
  5.4400000e+002  1.6800000e+002
  5.9400000e+002  2.0100000e+002
  6.0700000e+002  2.6600000e+002
  6.0900000e+002  3.5200000e+002
  5.8400000e+002  4.1100000e+002
  5.3900000e+002  4.3700000e+002
  3.6600000e+002  3.4800000e+002
  3.5300000e+002  3.1500000e+002
  3.5100000e+002  2.7300000e+002
  3.4800000e+002  2.0500000e+002
  3.8700000e+002  1.3700000e+002
  4.4500000e+002  1.0600000e+002
  5.6100000e+002  1.0900000e+002
  6.1900000e+002  1.5500000e+002
  6.4200000e+002  2.0000000e+002
  6.4400000e+002  2.6900000e+002
  6.3000000e+002  3.2300000e+002
  6.1825000e+002  3.5375000e+002
  4.4200000e+002  2.7000000e+002
  5.4800000e+002  2.6700000e+002
  4.2425000e+002  2.7025000e+002
  4.4175000e+002  2.6025000e+002
  4.6225000e+002  2.6775000e+002
  5.2875000e+002  2.6525000e+002
  5.5125000e+002  2.5925000e+002
  5.7075000e+002  2.7325000e+002
  4.9125000e+002  2.7475000e+002
  4.6225000e+002  3.3325000e+002
  4.9025000e+002  3.4625000e+002
  5.1775000e+002  3.3725000e+002
  4.5725000e+002  3.7425000e+002
  4.9275000e+002  3.8025000e+002
  5.2575000e+002  3.7825000e+002
  4.6775000e+002  3.9275000e+002
  4.8975000e+002  4.0225000e+002
  5.1325000e+002  3.9575000e+002
