  4.9299719e+002  4.9380990e+002
  4.4272835e+002  4.7130146e+002
  4.0446400e+002  4.3678853e+002
  3.8795782e+002  3.8877053e+002
  3.8270585e+002  3.1524297e+002
  3.9996232e+002  2.5747132e+002
  4.5848425e+002  2.1620585e+002
  5.4176547e+002  2.1320472e+002
  5.8002981e+002  2.5296963e+002
  5.9803656e+002  2.9723622e+002
  6.0103768e+002  3.7451519e+002
  5.8153037e+002  4.3678853e+002
  5.5602081e+002  4.7280202e+002
  3.7145163e+002  3.9027109e+002
  3.6019741e+002  3.5950956e+002
  3.5344488e+002  3.2124522e+002
  3.4219066e+002  2.4396625e+002
  3.5944713e+002  1.5243195e+002
  4.2847300e+002  8.5656918e+001
  5.4632443e+002  9.8089059e+001
  6.0253825e+002  1.6443645e+002
  6.3179921e+002  2.3646344e+002
  6.2429640e+002  2.9873678e+002
  6.2429640e+002  3.3925197e+002
  6.1604331e+002  3.7451519e+002
  4.4572947e+002  3.0398875e+002
  5.4026490e+002  2.9798650e+002
  3.9921204e+002  2.9573566e+002
  4.3897694e+002  2.7172666e+002
  4.8474409e+002  2.8148031e+002
  5.0500169e+002  2.7622835e+002
  5.4701744e+002  2.6647469e+002
  5.8528178e+002  2.8823285e+002
  4.9599831e+002  2.9423510e+002
  4.6748763e+002  3.5725872e+002
  4.9674859e+002  3.7001350e+002
  5.2450900e+002  3.5125647e+002
  4.5023116e+002  3.9102137e+002
  4.9449775e+002  3.8651969e+002
  5.4101519e+002  3.9027109e+002
  4.7048875e+002  4.0977840e+002
  4.9524803e+002  4.1653093e+002
  5.2000731e+002  4.0827784e+002
