4.8930597e+02   4.4295522e+02
4.3855970e+02   4.2653731e+02
3.9826119e+02   3.9817910e+02
3.8482836e+02   3.6086567e+02
3.7587313e+02   2.6982090e+02
3.9229104e+02   2.0265672e+02
4.3557463e+02   1.5788060e+02
5.1169403e+02   1.5041791e+02
5.6244030e+02   1.8623881e+02
5.9676866e+02   2.6235821e+02
5.9676866e+02   3.2802985e+02
5.8930597e+02   3.8176119e+02
5.5050000e+02   4.2504478e+02
3.7200000e+02   3.6000000e+02
3.6200000e+02   3.2900000e+02
3.5800000e+02   2.8300000e+02
3.4700000e+02   2.2800000e+02
3.6600000e+02   1.4800000e+02
4.3800000e+02   1.0200000e+02
5.0600000e+02   9.8000000e+01
5.7200000e+02   1.2600000e+02
6.1875000e+02   1.8575000e+02
6.1675000e+02   2.6525000e+02
6.1675000e+02   3.1025000e+02
6.0075000e+02   3.5575000e+02
4.3700000e+02   2.6100000e+02
5.4100000e+02   2.5900000e+02
4.1700000e+02   2.6500000e+02
4.3200000e+02   2.2700000e+02
4.6600000e+02   2.2900000e+02
5.1600000e+02   2.2600000e+02
5.4500000e+02   2.2200000e+02
5.7600000e+02   2.4100000e+02
4.9000000e+02   2.7100000e+02
4.6300000e+02   3.2500000e+02
4.9200000e+02   3.2400000e+02
5.1700000e+02   3.2400000e+02
4.5200000e+02   3.6800000e+02
4.8900000e+02   3.6200000e+02
5.2700000e+02   3.7200000e+02
4.7700000e+02   3.7900000e+02
4.9025000e+02   3.8025000e+02
5.0925000e+02   3.8075000e+02

