  4.9875000e+002  4.4075000e+002
  4.4475000e+002  4.2025000e+002
  4.1825000e+002  3.8375000e+002
  4.0875000e+002  3.4525000e+002
  4.1025000e+002  2.7425000e+002
  4.3825000e+002  2.2675000e+002
  4.7975000e+002  1.9575000e+002
  5.4675000e+002  1.9075000e+002
  5.9525000e+002  2.3875000e+002
  6.0925000e+002  2.8625000e+002
  6.1025000e+002  3.4925000e+002
  5.9975000e+002  3.8775000e+002
  5.7275000e+002  4.2175000e+002
  4.0362500e+002  3.5012500e+002
  3.9237500e+002  3.0637500e+002
  3.8662500e+002  2.6687500e+002
  3.9425000e+002  2.2025000e+002
  4.2075000e+002  1.6525000e+002
  4.8575000e+002  1.2525000e+002
  5.7325000e+002  1.3925000e+002
  6.0825000e+002  1.7525000e+002
  6.2475000e+002  2.2525000e+002
  6.3125000e+002  2.7825000e+002
  6.2575000e+002  3.1375000e+002
  6.1362500e+002  3.5487500e+002
  4.6325000e+002  2.8825000e+002
  5.5375000e+002  2.9125000e+002
  4.2725000e+002  2.6825000e+002
  4.5075000e+002  2.5875000e+002
  4.8375000e+002  2.7025000e+002
  5.2775000e+002  2.7175000e+002
  5.6325000e+002  2.6025000e+002
  5.9025000e+002  2.7575000e+002
  5.0575000e+002  2.8775000e+002
  4.7675000e+002  3.4725000e+002
  5.0275000e+002  3.5275000e+002
  5.3075000e+002  3.4975000e+002
  4.6375000e+002  3.7775000e+002
  5.0375000e+002  3.7375000e+002
  5.4275000e+002  3.8025000e+002
  4.8325000e+002  3.9475000e+002
  5.0475000e+002  3.9725000e+002
  5.2275000e+002  3.9425000e+002
