  4.8800000e+002  4.5100000e+002
  4.4200000e+002  4.3000000e+002
  4.1600000e+002  4.0000000e+002
  4.0000000e+002  3.5500000e+002
  4.0700000e+002  2.7900000e+002
  4.1300000e+002  2.1600000e+002
  4.5800000e+002  1.9400000e+002
  5.6200000e+002  2.0900000e+002
  5.9700000e+002  2.5700000e+002
  6.0500000e+002  3.0100000e+002
  5.8900000e+002  3.6000000e+002
  5.7200000e+002  4.1800000e+002
  5.3900000e+002  4.3900000e+002
  3.8100000e+002  3.5800000e+002
  3.7000000e+002  3.2300000e+002
  3.8000000e+002  2.8900000e+002
  3.8800000e+002  2.0800000e+002
  4.1800000e+002  1.6200000e+002
  4.7500000e+002  1.3700000e+002
  5.7300000e+002  1.5000000e+002
  6.2800000e+002  1.9700000e+002
  6.5200000e+002  2.4900000e+002
  6.4400000e+002  3.0300000e+002
  6.3300000e+002  3.3900000e+002
  6.1400000e+002  3.6300000e+002
  4.5500000e+002  2.9200000e+002
  5.4500000e+002  2.9600000e+002
  4.3925000e+002  2.8775000e+002
  4.5525000e+002  2.8375000e+002
  4.6975000e+002  2.8975000e+002
  5.3025000e+002  2.9375000e+002
  5.4675000e+002  2.8925000e+002
  5.6625000e+002  2.9525000e+002
  5.0075000e+002  3.0075000e+002
  4.7425000e+002  3.5125000e+002
  4.9475000e+002  3.6475000e+002
  5.2125000e+002  3.5775000e+002
  4.6525000e+002  3.9175000e+002
  4.9675000e+002  3.9175000e+002
  5.2875000e+002  3.9125000e+002
  4.8125000e+002  4.0425000e+002
  4.9375000e+002  4.1125000e+002
  5.1575000e+002  4.0375000e+002
