5.102536557930258e+02 4.615478065241840e+02
4.547328458942630e+02 4.412902137232850e+02
4.134673790776150e+02 4.000247469066370e+02
4.014628796400450e+02 3.535073115860520e+02
3.887080989876270e+02 2.492182227221600e+02
4.134673790776150e+02 2.012002249718790e+02
4.442289088863890e+02 1.876951631046120e+02
5.387643419572550e+02 1.869448818897640e+02
5.830309336332960e+02 2.079527559055120e+02
6.077902137232850e+02 2.522193475815520e+02
6.130421822272220e+02 3.430033745781780e+02
6.002874015748030e+02 4.075275590551180e+02
5.725269966254220e+02 4.375388076490440e+02
3.849566929133860e+02 3.565084364454440e+02
3.744527559055120e+02 3.347502812148480e+02
3.677002249718790e+02 3.077401574803150e+02
3.496934758155230e+02 2.379640044994380e+02
3.894583802024750e+02 1.201698537682790e+02
4.577339707536560e+02 82.655793025871700
5.207575928009000e+02 86.407199100112500
6.130421822272220e+02 1.186692913385830e+02
6.475551181102360e+02 1.981991001124860e+02
6.430534308211470e+02 2.769786276715410e+02
6.415528683914510e+02 3.137424071991000e+02
6.295483689538810e+02 3.452542182227220e+02
4.479803149606300e+02 2.777289088863890e+02
5.530196850393700e+02 2.709763779527560e+02
4.119668166479190e+02 2.814803149606300e+02
4.442289088863890e+02 2.634735658042750e+02
4.742401574803150e+02 2.792294713160860e+02
5.230084364454440e+02 2.754780652418450e+02
5.530196850393700e+02 2.597221597300340e+02
5.882829021372330e+02 2.732272215973003e+02
5.005000000000001e+02 2.664746906636671e+02
4.719893138357706e+02 3.407525309336333e+02
5.027508436445445e+02 3.317491563554556e+02
5.350129358830147e+02 3.377514060742407e+02
4.614853768278966e+02 3.842688413948256e+02
5.035011248593927e+02 3.745151856017998e+02
5.537699662542183e+02 3.745151856017998e+02
4.832435320584928e+02 3.932722159730034e+02
5.057519685039371e+02 3.962733408323960e+02
5.290106861642296e+02 3.917716535433071e+02

