   4.7800000e+02   4.7900000e+02
   4.2900000e+02   4.4300000e+02
   4.0400000e+02   3.7800000e+02
   3.9500000e+02   3.0800000e+02
   4.0000000e+02   2.4300000e+02
   4.3200000e+02   2.0700000e+02
   4.9300000e+02   2.0800000e+02
   5.4300000e+02   2.0000000e+02
   5.8100000e+02   2.5300000e+02
   5.9800000e+02   3.1900000e+02
   5.9500000e+02   3.7500000e+02
   5.8000000e+02   4.2800000e+02
   5.4200000e+02   4.7100000e+02
   3.8500000e+02   3.7800000e+02
   3.5800000e+02   3.1500000e+02
   3.6500000e+02   2.5700000e+02
   3.7600000e+02   1.8700000e+02
   4.2800000e+02   1.3900000e+02
   4.8800000e+02   1.2200000e+02
   5.4700000e+02   1.3100000e+02
   5.9700000e+02   1.7100000e+02
   6.1400000e+02   2.2900000e+02
   6.1700000e+02   2.7500000e+02
   6.3300000e+02   3.1100000e+02
   6.1900000e+02   3.6200000e+02
   4.5000000e+02   3.1300000e+02
   5.4200000e+02   3.0900000e+02
   4.1100000e+02   2.9200000e+02
   4.4600000e+02   2.8500000e+02
   4.7600000e+02   2.9700000e+02
   5.1700000e+02   2.9100000e+02
   5.4700000e+02   2.7700000e+02
   5.7200000e+02   2.8300000e+02
   4.9300000e+02   3.2600000e+02
   4.6800000e+02   3.6600000e+02
   4.9300000e+02   3.5900000e+02
   5.2100000e+02   3.6600000e+02
   4.6200000e+02   4.0800000e+02
   5.0000000e+02   4.0500000e+02
   5.3000000e+02   4.0700000e+02
   4.7600000e+02   4.2500000e+02
   4.9500000e+02   4.2500000e+02
   5.2200000e+02   4.2300000e+02
