  501.7040  438.1435
  460.7690  421.2879
  433.0776  398.4125
  402.9783  347.8457
  400.5704  286.4431
  411.4061  235.8764
  446.3213  214.2049
  522.1715  206.9810
  564.3105  237.0803
  579.9621  282.8312
  582.3700  338.2139
  571.5343  391.1886
  546.2509  417.6760
  392.1426  332.1940
  388.5307  312.9305
  380.1029  276.8114
  384.9188  215.4088
  422.2419  157.6182
  469.1968  131.1309
  524.5794  137.1507
  581.1661  184.1056
  594.4097  233.4684
  600.4296  265.9756
  600.4296  302.0948
  592.0018  335.8060
  451.1372  305.7067
  530.5993  298.4829
  417.4260  284.0352
  429.4657  280.4233
  461.9729  286.4431
  513.7437  286.4431
  541.4350  273.1995
  561.9025  279.2193
  487.2563  298.4829
  469.1968  355.0695
  494.4801  364.7013
  520.9675  352.6616
  455.9531  387.5767
  493.2762  388.7807
  531.8032  383.9648
  477.6245  400.8204
  496.8881  402.0244
  526.9874  394.8005